30 0 0
30.1 0 0
30.2 0 0
30.3 0 0
30.4 0 0
30.5 0 0
30.6 0 0
30.7 0 0
30.8 0 0
30.9 0 0
31 0 0
31.1 0 0
31.2 0 0
31.3 0 0
31.4 0 0
31.5 0 0
31.6 0 0
31.7 0 0
31.8 0 0
31.9 0 0
32 0 0
32.1 0 0
32.2 0 0
32.3 0 0
32.4 0 0
32.5 0 0
32.6 0 0
32.7 0 0
32.8 0 0
32.9 0 0
33 0 0
33.1 0 0
33.2 0 0
33.3 0 0
33.4 0 0
33.5 0 0
33.6 0 0
33.7 0 0
33.8 0 0
33.9 0 0
34 0 0
34.1 0 0
34.2 0 0
34.3 0 0
34.4 0 0
34.5 0 0
34.6 0 0
34.7 0 0
34.8 0 0
34.9 0 0
35 39 0
35.1 69 0
35.2 276 0
35.3 498 0
35.4 738 0
35.5 825 0
35.6 975 0
35.7 1119 0
35.8 1284 0
35.9 1269 0
36 1401 0
36.1 1548 0
36.2 201 54
36.3 0 75
36.4 0 78
36.5 6 78
36.6 0 78
36.7 6 75
36.8 15 75
36.9 6 78
37 3 81
37.1 15 78
37.2 15 78
37.3 27 81
37.4 78 81
37.5 66 81
37.6 132 81
37.7 153 84
37.8 132 81
37.9 180 84
38 219 84
38.1 189 84
38.2 246 84
38.3 282 90
38.4 309 87
38.5 414 90
38.6 513 90
38.7 747 90
38.8 714 96
38.9 996 93
39 933 90
39.1 1149 96
39.2 1239 96
39.3 1425 93
39.4 1416 96
39.5 1656 96
39.6 1773 99
39.7 1308 96
39.8 75 99
39.9 78 102
40 78 102
40.1 78 102
40.2 78 102
40.3 78 102
40.4 78 105
40.5 78 105
40.6 84 105
40.7 84 105
40.8 84 108
40.9 84 111
41 87 108
41.1 87 108
41.2 90 111
41.3 87 108
41.4 90 108
41.5 87 114
41.6 90 111
41.7 90 114
41.8 90 114
41.9 90 114
42 90 114
42.1 93 114
42.2 90 120
42.3 93 114
42.4 96 120
42.5 96 120
42.6 96 120
42.7 99 120
42.8 99 123
42.9 99 123
43 96 120
43.1 99 123
43.2 99 126
43.3 99 126
43.4 102 126
43.5 102 126
43.6 102 132
43.7 105 126
43.8 105 129
43.9 105 132
44 108 132
44.1 108 135
44.2 108 132
44.3 108 132
44.4 108 135
44.5 114 135
44.6 111 135
44.7 114 138
44.8 114 138
44.9 114 138
45 114 141
45.1 117 141
45.2 120 144
45.3 117 138
45.4 120 144
45.5 120 144
45.6 120 144
45.7 120 144
45.8 123 144
45.9 120 147
46 126 147
46.1 126 150
46.2 126 150
46.3 129 153
46.4 126 150
46.5 126 150
46.6 132 153
46.7 129 150
46.8 129 156
46.9 135 156
47 132 153
47.1 135 156
47.2 132 156
47.3 135 162
47.4 138 156
47.5 132 159
47.6 141 162
47.7 138 159
47.8 141 162
47.9 144 162
48 150 165
48.1 141 168
48.2 150 168
48.3 153 168
48.4 150 168
48.5 156 168
48.6 156 168
48.7 162 174
48.8 156 174
48.9 156 171
49 159 168
49.1 150 174
49.2 156 174
49.3 156 177
49.4 165 177
49.5 168 174
49.6 153 180
49.7 159 177
49.8 162 180
49.9 159 180
50 162 180
50.1 168 180
50.2 180 180
50.3 177 180
50.4 171 183
50.5 168 180
50.6 171 180
50.7 156 183
50.8 168 180
50.9 168 180
51 165 183
51.1 171 189
51.2 168 180
51.3 162 180
51.4 162 183
51.5 156 180
51.6 165 183
51.7 183 186
51.8 177 180
51.9 174 180
52 180 183
52.1 171 180
52.2 177 183
52.3 162 183
52.4 171 180
52.5 171 183
52.6 180 180
52.7 168 186
52.8 171 180
52.9 174 183
53 168 180
53.1 162 180
53.2 174 183
53.3 174 183
53.4 168 180
53.5 174 186
53.6 171 183
53.7 165 180
53.8 171 183
53.9 171 183
54 177 180
54.1 168 186
54.2 171 180
54.3 174 183
54.4 174 186
54.5 177 180
54.6 177 186
54.7 183 186
54.8 183 180
54.9 168 183
55 168 183
55.1 177 183
55.2 180 183
55.3 177 180
55.4 180 186
55.5 174 183
55.6 180 183
55.7 168 186
55.8 195 180
55.9 174 186
56 168 180
56.1 180 186
56.2 186 183
56.3 177 183
56.4 171 183
56.5 174 180
56.6 177 186
56.7 174 183
56.8 177 183
56.9 174 186
57 177 180
57.1 174 183
57.2 174 183
57.3 180 180
57.4 171 186
57.5 177 180
57.6 177 183
57.7 177 180
57.8 165 183
57.9 174 183
58 171 183
58.1 174 183
58.2 165 180
58.3 171 183
58.4 168 183
58.5 183 180
58.6 165 186
58.7 177 180
58.8 174 180
58.9 168 183
59 171 180
59.1 177 180
59.2 168 180
59.3 168 180
59.4 174 180
59.5 174 186
59.6 168 180
59.7 162 183
59.8 174 183
59.9 168 180
60 174 180
60.1 165 183
60.2 174 183
60.3 168 180
60.4 165 180
60.5 168 183
60.6 177 183
60.7 162 183
60.8 171 183
60.9 174 180
61 162 180
61.1 168 183
61.2 174 180
61.3 171 180
61.4 165 183
61.5 165 180
61.6 174 180
61.7 168 183
61.8 171 183
61.9 162 180
62 168 180
62.1 174 183
62.2 174 183
62.3 165 180
62.4 165 183
62.5 180 183
62.6 165 180
62.7 177 183
62.8 177 180
62.9 165 183
63 165 183
63.1 165 180
63.2 174 183
63.3 168 183
63.4 168 180
63.5 171 186
63.6 174 180
63.7 177 183
63.8 162 183
63.9 174 183
64 165 183
64.1 171 183
64.2 165 183
64.3 168 186
64.4 174 183
64.5 168 186
64.6 165 180
64.7 171 186
64.8 171 180
64.9 168 183
65 168 183
65.1 168 183
65.2 174 183
65.3 171 183
65.4 171 183
65.5 165 180
65.6 165 186
65.7 165 180
65.8 171 186
65.9 171 180
66 171 183
66.1 171 180
66.2 171 186
66.3 174 180
66.4 165 186
66.5 171 180
66.6 177 186
66.7 171 180
66.8 168 183
66.9 171 186
67 165 180
67.1 165 183
67.2 180 183
67.3 165 180
67.4 162 186
67.5 168 186
67.6 168 180
67.7 174 183
67.8 165 183
67.9 171 180
68 168 186
68.1 168 186
68.2 168 180
68.3 162 183
68.4 171 183
68.5 162 180
68.6 162 186
68.7 168 186
68.8 165 180
68.9 171 183
69 168 186
69.1 171 186
69.2 168 186
69.3 177 183
69.4 171 183
69.5 174 183
69.6 171 183
69.7 168 186
69.8 171 186
69.9 168 186
70 168 183
70.1 171 180
70.2 171 183
70.3 171 186
70.4 174 186
70.5 168 183
70.6 177 183
70.7 168 186
70.8 165 186
70.9 162 183
71 168 183
71.1 165 180
71.2 168 186
71.3 171 186
71.4 171 183
71.5 165 180
71.6 177 183
71.7 168 186
71.8 165 186
71.9 165 186
72 168 183
72.1 171 180
72.2 171 183
72.3 177 186
72.4 171 186
72.5 171 186
72.6 165 186
72.7 171 186
72.8 168 183
72.9 174 180
73 168 186
73.1 171 186
73.2 168 183
73.3 168 183
73.4 171 186
73.5 168 186
73.6 168 186
73.7 168 186
73.8 168 183
73.9 168 180
74 171 183
74.1 174 183
74.2 171 186
74.3 171 186
74.4 171 186
74.5 177 186
74.6 180 186
74.7 171 186
74.8 171 183
74.9 174 183
75 180 183
75.1 174 183
75.2 171 186
75.3 177 183
75.4 174 186
75.5 171 186
75.6 168 186
75.7 174 186
75.8 177 186
75.9 177 186
76 174 183
76.1 174 183
76.2 174 186
76.3 171 186
76.4 177 186
76.5 174 186
76.6 177 186
76.7 177 183
76.8 174 180
76.9 174 183
77 174 186
77.1 174 186
77.2 174 189
77.3 174 186
77.4 177 186
77.5 174 186
77.6 171 186
77.7 177 186
77.8 168 186
77.9 174 186
78 177 186
78.1 174 186
78.2 174 186
78.3 171 186
78.4 168 186
78.5 171 186
78.6 174 186
78.7 174 183
78.8 171 180
78.9 168 183
79 171 186
79.1 174 183
79.2 171 186
79.3 174 183
79.4 177 183
79.5 180 183
79.6 174 183
79.7 174 186
79.8 171 183
79.9 177 186
80 171 183
80.1 174 183
80.2 174 183
80.3 171 186
80.4 174 186
80.5 171 186
80.6 174 186
80.7 171 186
80.8 174 186
80.9 171 183
81 174 186
81.1 171 186
81.2 174 186
81.3 174 186
81.4 177 186
81.5 174 186
81.6 174 186
81.7 174 186
81.8 174 186
81.9 174 186
82 177 186
82.1 177 186
82.2 174 186
82.3 177 186
82.4 174 186
82.5 174 186
82.6 177 189
82.7 177 189
82.8 180 186
82.9 180 186
83 174 186
83.1 183 189
83.2 180 186
83.3 186 189
83.4 180 189
83.5 180 186
83.6 180 189
83.7 183 186
83.8 180 189
83.9 183 186
84 180 189
84.1 180 186
84.2 183 189
84.3 183 189
84.4 183 186
84.5 180 186
84.6 186 186
84.7 186 186
84.8 183 189
84.9 183 186
85 180 186
85.1 183 186
85.2 183 186
85.3 189 186
85.4 186 189
85.5 183 186
85.6 183 189
85.7 180 189
85.8 189 186
85.9 183 186
86 183 186
86.1 183 186
86.2 180 183
86.3 183 186
86.4 183 189
86.5 180 183
86.6 183 186
86.7 180 186
86.8 180 186
86.9 183 186
87 180 186
87.1 180 186
87.2 183 186
87.3 177 186
87.4 180 186
87.5 177 186
87.6 177 186
87.7 177 186
87.8 180 186
87.9 177 183
88 174 183
88.1 177 183
88.2 177 183
88.3 177 186
88.4 174 183
88.5 174 183
88.6 174 186
88.7 174 186
88.8 177 186
88.9 177 186
89 180 186
89.1 177 186
89.2 174 186
89.3 186 186
89.4 177 186
89.5 177 186
89.6 177 186
89.7 174 189
89.8 177 186
89.9 177 186
90 174 186
90.1 177 183
90.2 180 183
90.3 177 186
90.4 183 186
90.5 183 186
90.6 174 186
90.7 180 186
90.8 177 183
90.9 177 186
91 177 186
91.1 177 186
91.2 174 186
91.3 174 189
91.4 177 186
91.5 174 186
91.6 177 186
91.7 174 186
91.8 183 186
91.9 177 186
92 177 186
92.1 174 183
92.2 180 183
92.3 177 186
92.4 177 183
92.5 180 186
92.6 177 186
92.7 177 186
92.8 174 186
92.9 180 186
93 174 186
93.1 180 186
93.2 177 186
93.3 180 186
93.4 177 186
93.5 180 183
93.6 177 180
93.7 180 186
93.8 180 183
93.9 180 186
94 177 186
94.1 177 183
94.2 180 183
94.3 177 183
94.4 183 183
94.5 180 186
94.6 174 186
94.7 183 186
94.8 177 186
94.9 177 186
95 180 186
95.1 177 186
95.2 177 183
95.3 180 183
95.4 180 183
95.5 180 183
95.6 183 183
95.7 183 183
95.8 183 183
95.9 180 183
96 177 183
96.1 180 183
96.2 183 183
96.3 183 180
96.4 183 183
96.5 180 186
96.6 180 186
96.7 180 186
96.8 183 186
96.9 183 186
97 180 186
97.1 180 186
97.2 183 186
97.3 183 186
97.4 183 186
97.5 183 186
97.6 183 183
97.7 180 183
97.8 189 186
97.9 180 183
98 180 189
98.1 183 186
98.2 180 186
98.3 183 186
98.4 183 183
98.5 180 183
98.6 183 183
98.7 183 186
98.8 183 183
98.9 183 183
99 183 183
99.1 183 183
99.2 180 183
99.3 183 186
99.4 180 186
99.5 186 183
99.6 180 183
99.7 186 183
99.8 180 183
99.9 183 183
100 183 183
