100 180 186
99.9 183 183
99.8 180 186
99.7 180 186
99.6 180 186
99.5 183 186
99.4 183 186
99.3 180 189
99.2 180 183
99.1 180 186
99 183 186
98.9 180 186
98.8 183 186
98.7 183 186
98.6 183 186
98.5 186 186
98.4 183 183
98.3 183 183
98.2 180 183
98.1 180 186
98 183 186
97.9 183 186
97.8 183 186
97.7 180 186
97.6 180 186
97.5 183 186
97.4 180 186
97.3 183 186
97.2 180 186
97.1 180 183
97 180 180
96.9 183 180
96.8 183 186
96.7 180 186
96.6 180 186
96.5 183 183
96.4 180 183
96.3 189 183
96.2 183 183
96.1 183 183
96 183 186
95.9 183 186
95.8 183 183
95.7 186 183
95.6 180 183
95.5 183 183
95.4 180 186
95.3 180 186
95.2 186 186
95.1 183 183
95 180 183
94.9 183 183
94.8 183 183
94.7 180 183
94.6 186 186
94.5 183 183
94.4 183 183
94.3 183 183
94.2 180 186
94.1 183 186
94 183 186
93.9 183 186
93.8 183 183
93.7 180 183
93.6 183 183
93.5 183 183
93.4 183 186
93.3 183 186
93.2 180 186
93.1 180 183
93 180 180
92.9 183 183
92.8 186 183
92.7 180 186
92.6 183 186
92.5 183 186
92.4 180 186
92.3 180 183
92.2 183 183
92.1 180 183
92 180 183
91.9 183 186
91.8 183 186
91.7 180 183
91.6 180 183
91.5 180 183
91.4 183 186
91.3 180 183
91.2 180 180
91.1 180 186
91 180 183
90.9 180 180
90.8 183 186
90.7 186 183
90.6 180 180
90.5 180 186
90.4 186 183
90.3 180 183
90.2 183 186
90.1 180 183
90 180 180
89.9 177 183
89.8 180 186
89.7 180 183
89.6 177 183
89.5 183 186
89.4 180 180
89.3 183 183
89.2 177 186
89.1 180 180
89 180 186
88.9 180 186
88.8 180 183
88.7 180 183
88.6 180 186
88.5 180 186
88.4 180 183
88.3 177 180
88.2 180 183
88.1 180 186
88 177 183
87.9 177 183
87.8 183 186
87.7 180 183
87.6 180 180
87.5 180 183
87.4 180 183
87.3 180 180
87.2 180 186
87.1 180 183
87 180 180
86.9 183 183
86.8 180 186
86.7 177 183
86.6 177 183
86.5 177 186
86.4 180 186
86.3 186 186
86.2 180 183
86.1 180 183
86 183 183
85.9 180 186
85.8 177 186
85.7 183 186
85.6 177 186
85.5 177 186
85.4 180 186
85.3 177 186
85.2 180 183
85.1 174 183
85 183 183
84.9 177 180
84.8 177 183
84.7 180 186
84.6 177 186
84.5 183 186
84.4 180 186
84.3 177 183
84.2 177 183
84.1 180 183
84 180 186
83.9 180 186
83.8 177 183
83.7 180 183
83.6 180 183
83.5 180 186
83.4 180 183
83.3 177 186
83.2 180 183
83.1 180 186
83 180 186
82.9 186 186
82.8 177 186
82.7 180 186
82.6 186 186
82.5 180 183
82.4 180 186
82.3 177 183
82.2 180 186
82.1 177 186
82 177 186
81.9 183 186
81.8 180 186
81.7 180 186
81.6 180 186
81.5 183 186
81.4 180 186
81.3 177 186
81.2 177 189
81.1 183 186
81 180 186
80.9 177 183
80.8 183 189
80.7 183 186
80.6 180 186
80.5 177 186
80.4 183 186
80.3 177 186
80.2 180 186
80.1 177 186
80 177 186
79.9 177 186
79.8 180 186
79.7 177 186
79.6 180 186
79.5 180 186
79.4 192 186
79.3 183 186
79.2 177 186
79.1 180 186
79 180 183
78.9 180 186
78.8 177 186
78.7 177 186
78.6 183 186
78.5 180 186
78.4 180 186
78.3 180 186
78.2 177 183
78.1 177 183
78 180 186
77.9 177 186
77.8 177 189
77.7 180 186
77.6 177 186
77.5 180 186
77.4 180 186
77.3 177 186
77.2 177 189
77.1 183 186
77 177 192
76.9 180 186
76.8 174 189
76.7 180 186
76.6 180 186
76.5 177 186
76.4 177 186
76.3 180 186
76.2 180 186
76.1 174 183
76 180 186
75.9 177 186
75.8 180 186
75.7 180 186
75.6 177 186
75.5 174 186
75.4 180 186
75.3 180 186
75.2 180 186
75.1 174 186
75 177 186
74.9 177 186
74.8 174 186
74.7 174 192
74.6 174 186
74.5 174 186
74.4 177 183
74.3 177 186
74.2 177 186
74.1 177 186
74 177 186
73.9 177 186
73.8 174 186
73.7 180 186
73.6 174 186
73.5 177 186
73.4 174 186
73.3 174 186
73.2 177 186
73.1 174 186
73 180 186
72.9 177 186
72.8 180 186
72.7 180 186
72.6 174 186
72.5 177 186
72.4 177 186
72.3 177 186
72.2 174 186
72.1 180 186
72 177 186
71.9 177 186
71.8 180 186
71.7 177 186
71.6 180 186
71.5 174 186
71.4 180 186
71.3 180 186
71.2 174 186
71.1 177 186
71 180 186
70.9 180 186
70.8 177 186
70.7 174 186
70.6 177 186
70.5 177 183
70.4 177 183
70.3 174 186
70.2 177 186
70.1 180 186
70 177 186
69.9 180 186
69.8 177 183
69.7 180 186
69.6 177 186
69.5 174 189
69.4 174 186
69.3 174 186
69.2 177 189
69.1 177 186
69 174 186
68.9 177 189
68.8 177 186
68.7 174 189
68.6 180 186
68.5 177 186
68.4 177 186
68.3 180 186
68.2 174 186
68.1 180 189
68 183 186
67.9 174 189
67.8 180 186
67.7 174 189
67.6 180 186
67.5 177 189
67.4 180 186
67.3 177 189
67.2 177 186
67.1 177 189
67 177 186
66.9 177 189
66.8 183 186
66.7 177 192
66.6 183 186
66.5 183 189
66.4 180 189
66.3 183 186
66.2 180 189
66.1 180 192
66 177 186
65.9 174 186
65.8 174 192
65.7 174 186
65.6 177 189
65.5 174 189
65.4 174 192
65.3 174 189
65.2 174 186
65.1 174 189
65 177 186
64.9 177 189
64.8 177 186
64.7 177 189
64.6 174 189
64.5 174 186
64.4 183 189
64.3 174 186
64.2 186 186
64.1 177 186
64 174 186
63.9 174 189
63.8 180 186
63.7 177 189
63.6 177 186
63.5 177 189
63.4 180 186
63.3 174 186
63.2 177 189
63.1 180 189
63 174 189
62.9 177 186
62.8 180 186
62.7 180 186
62.6 174 180
62.5 177 183
62.4 180 183
62.3 174 186
62.2 174 183
62.1 177 183
62 177 183
61.9 174 183
61.8 177 186
61.7 174 186
61.6 174 186
61.5 174 186
61.4 177 183
61.3 174 180
61.2 174 183
61.1 174 186
61 177 186
60.9 177 186
60.8 174 186
60.7 174 186
60.6 177 186
60.5 180 183
60.4 177 186
60.3 174 186
60.2 174 186
60.1 174 186
60 177 183
59.9 174 186
59.8 177 186
59.7 177 186
59.6 180 186
59.5 174 189
59.4 174 186
59.3 174 186
59.2 177 186
59.1 177 186
59 174 186
58.9 174 186
58.8 174 186
58.7 177 186
58.6 180 183
58.5 177 186
58.4 174 186
58.3 180 186
58.2 180 186
58.1 183 186
58 180 186
57.9 177 183
57.8 177 183
57.7 174 186
57.6 174 186
57.5 174 186
57.4 174 186
57.3 177 186
57.2 171 186
57.1 177 186
57 177 186
56.9 177 186
56.8 174 186
56.7 177 186
56.6 171 186
56.5 177 183
56.4 174 186
56.3 174 186
56.2 174 186
56.1 171 189
56 174 189
55.9 177 186
55.8 174 186
55.7 171 186
55.6 174 183
55.5 171 183
55.4 174 186
55.3 174 186
55.2 174 186
55.1 174 183
55 180 183
54.9 174 183
54.8 174 186
54.7 177 186
54.6 168 186
54.5 174 186
54.4 174 186
54.3 171 186
54.2 174 186
54.1 180 186
54 174 186
53.9 174 186
53.8 171 186
53.7 177 186
53.6 171 186
53.5 174 183
53.4 171 186
53.3 177 186
53.2 171 186
53.1 177 186
53 174 189
52.9 171 186
52.8 171 186
52.7 177 186
52.6 171 186
52.5 177 186
52.4 171 186
52.3 168 183
52.2 177 183
52.1 171 186
52 171 186
51.9 171 186
51.8 174 186
51.7 183 186
51.6 174 186
51.5 174 186
51.4 174 186
51.3 180 186
51.2 174 186
51.1 174 186
51 180 189
50.9 177 186
50.8 171 186
50.7 171 186
50.6 177 186
50.5 177 186
50.4 171 186
50.3 168 192
50.2 177 186
50.1 174 186
50 171 186
49.9 171 186
49.8 171 183
49.7 168 183
49.6 165 186
49.5 168 180
49.4 162 180
49.3 162 180
49.2 168 183
49.1 162 180
49 162 177
48.9 159 180
48.8 156 174
48.7 162 177
48.6 156 180
48.5 156 174
48.4 156 174
48.3 156 174
48.2 150 171
48.1 153 174
48 153 171
47.9 150 168
47.8 147 168
47.7 147 165
47.6 144 168
47.5 150 168
47.4 147 168
47.3 144 168
47.2 144 162
47.1 144 162
47 138 162
46.9 141 159
46.8 141 159
46.7 141 156
46.6 138 159
46.5 138 159
46.4 138 156
46.3 135 156
46.2 135 156
46.1 132 156
46 132 156
45.9 132 150
45.8 129 153
45.7 129 150
45.6 129 150
45.5 126 150
45.4 126 150
45.3 126 147
45.2 123 147
45.1 120 144
45 126 144
44.9 123 144
44.8 120 144
44.7 120 144
44.6 120 144
44.5 120 144
44.4 117 138
44.3 117 138
44.2 114 141
44.1 114 141
44 114 138
43.9 111 138
43.8 111 135
43.7 111 135
43.6 114 135
43.5 111 132
43.4 111 132
43.3 108 129
43.2 105 132
43.1 105 132
43 105 132
42.9 105 129
42.8 102 129
42.7 102 129
42.6 102 126
42.5 102 126
42.4 102 126
42.3 102 126
42.2 96 126
42.1 99 123
42 96 123
41.9 96 120
41.8 96 123
41.7 96 120
41.6 96 117
41.5 90 120
41.4 93 120
41.3 90 114
41.2 90 120
41.1 87 117
41 87 117
40.9 84 117
40.8 90 114
40.7 87 114
40.6 84 111
40.5 84 114
40.4 84 111
40.3 81 108
40.2 84 111
40.1 84 108
40 84 108
39.9 84 105
39.8 78 105
39.7 78 108
39.6 78 108
39.5 78 105
39.4 75 102
39.3 75 102
39.2 72 102
39.1 72 96
39 72 96
38.9 72 99
38.8 72 99
38.7 66 96
38.6 66 96
38.5 66 96
38.4 66 93
38.3 63 90
38.2 63 93
38.1 60 96
38 66 90
37.9 60 93
37.8 63 93
37.7 63 90
37.6 57 90
37.5 57 87
37.4 60 90
37.3 54 84
37.2 60 87
37.1 54 87
37 54 87
36.9 54 84
36.8 54 84
36.7 51 81
36.6 51 84
36.5 51 81
36.4 51 84
36.3 48 81
36.2 48 78
36.1 48 78
36 45 78
35.9 45 81
35.8 48 78
35.7 45 75
35.6 42 75
35.5 42 78
35.4 42 78
35.3 39 75
35.2 39 72
35.1 42 72
35 39 72
34.9 36 66
34.8 39 69
34.7 36 66
34.6 36 66
34.5 36 69
34.4 33 66
34.3 33 66
34.2 39 66
34.1 30 66
34 33 60
33.9 30 63
33.8 30 66
33.7 30 60
33.6 27 66
33.5 30 60
33.4 24 60
33.3 33 60
33.2 27 60
33.1 24 54
33 24 57
32.9 24 60
32.8 21 54
32.7 33 54
32.6 30 51
32.5 18 54
32.4 21 54
32.3 30 48
32.2 30 48
32.1 33 45
32 30 45
31.9 30 45
31.8 18 42
31.7 27 45
31.6 6 42
31.5 0 42
31.4 0 39
31.3 0 39
31.2 0 36
31.1 0 33
31 0 33
30.9 0 33
30.8 0 30
30.7 0 33
30.6 0 30
30.5 0 30
30.4 0 24
30.3 0 24
30.2 0 24
30.1 0 21
30 0 24
29.9 0 21
29.8 0 18
29.7 0 18
29.6 0 15
29.5 0 15
29.4 0 12
29.3 0 12
29.2 0 15
29.1 0 12
29 0 0
28.9 0 0
28.8 0 0
28.7 0 0
28.6 0 0
28.5 0 0
28.4 0 0
28.3 0 0
28.2 0 0
28.1 0 0
28 0 0
27.9 0 0
27.8 0 0
27.7 0 0
27.6 0 0
27.5 0 0
27.4 0 0
27.3 0 0
27.2 0 0
27.1 0 0
27 0 0
26.9 0 0
26.8 0 0
26.7 0 0
26.6 0 0
26.5 0 0
26.4 0 0
26.3 0 0
26.2 0 0
26.1 0 0
26 0 0
25.9 0 0
25.8 0 0
25.7 0 0
25.6 0 0
25.5 0 0
25.4 0 0
25.3 0 0
25.2 0 0
25.1 0 0
25 0 0
24.9 0 0
24.8 0 0
24.7 0 0
24.6 0 0
24.5 0 0
24.4 0 0
24.3 0 0
24.2 0 0
24.1 0 0
24 0 0
23.9 0 0
23.8 0 0
23.7 0 0
23.6 0 0
23.5 0 0
23.4 0 0
23.3 0 0
23.2 0 0
23.1 0 0
23 0 0
22.9 0 0
22.8 0 0
22.7 0 0
22.6 0 0
22.5 0 0
22.4 0 0
22.3 0 0
22.2 0 0
22.1 0 0
22 0 0
21.9 0 0
21.8 0 0
21.7 0 0
21.6 0 0
21.5 0 0
21.4 0 0
21.3 0 0
21.2 0 0
21.1 0 0
21 0 0
20.9 0 0
20.8 0 0
20.7 0 0
20.6 0 0
20.5 0 0
20.4 0 0
20.3 0 0
20.2 0 0
20.1 0 0
20 0 0
19.9 0 0
19.8 0 0
19.7 0 0
19.6 0 0
19.5 0 0
19.4 0 0
19.3 0 0
19.2 0 0
19.1 0 0
19 0 0
18.9 0 0
18.8 0 0
18.7 0 0
18.6 0 0
18.5 0 0
18.4 0 0
18.3 0 0
18.2 0 0
18.1 0 0
18 0 0
17.9 0 0
17.8 0 0
17.7 0 0
17.6 0 0
17.5 0 0
17.4 0 0
17.3 0 0
17.2 0 0
17.1 0 0
17 0 0
16.9 0 0
16.8 0 0
16.7 0 0
16.6 0 0
16.5 0 0
16.4 0 0
16.3 0 0
16.2 0 0
16.1 0 0
16 0 0
15.9 0 0
15.8 0 0
15.7 0 0
15.6 0 0
15.5 0 0
15.4 0 0
15.3 0 0
15.2 0 0
15.1 0 0
15 0 0
14.9 0 0
14.8 0 0
14.7 0 0
14.6 0 0
14.5 0 0
14.4 0 0
14.3 0 0
14.2 0 0
14.1 0 0
14 0 0
13.9 0 0
13.8 0 0
13.7 0 0
13.6 0 0
13.5 0 0
13.4 0 0
13.3 0 0
13.2 0 0
13.1 0 0
13 0 0
12.9 0 0
12.8 0 0
12.7 0 0
12.6 0 0
12.5 0 0
12.4 0 0
12.3 0 0
12.2 0 0
12.1 0 0
12 0 0
11.9 0 0
11.8 0 0
11.7 0 0
11.6 0 0
11.5 0 0
11.4 0 0
11.3 0 0
11.2 0 0
11.1 0 0
11 0 0
10.9 0 0
10.8 0 0
10.7 0 0
10.6 0 0
10.5 0 0
10.4 0 0
10.3 0 0
10.2 0 0
10.1 0 0
10 0 0
9.9 0 0
9.8 0 0
9.7 0 0
9.6 0 0
9.5 0 0
9.4 0 0
9.3 0 0
9.2 0 0
9.1 0 0
9 0 0
8.9 0 0
8.8 0 0
8.7 0 0
8.6 0 0
8.5 0 0
8.4 0 0
8.3 0 0
8.2 0 0
8.1 0 0
8 0 0
7.9 0 0
7.8 0 0
7.7 0 0
7.6 0 0
7.5 0 0
7.4 0 0
7.3 0 0
7.2 0 0
7.1 0 0
7 0 0
6.9 0 0
6.8 0 0
6.7 0 0
6.6 0 0
6.5 0 0
6.4 0 0
6.3 0 0
6.2 0 0
6.1 0 0
6 0 0
5.9 0 0
5.8 0 0
5.7 0 0
5.6 0 0
5.5 0 0
5.4 0 0
5.3 0 0
5.2 0 0
5.1 0 0
5 0 0
4.9 0 0
4.8 0 0
4.7 0 0
4.6 0 0
4.5 0 0
4.4 0 0
4.3 0 0
4.2 0 0
4.1 0 0
4 0 0
3.9 0 0
3.8 0 0
3.7 0 0
3.6 0 0
3.5 0 0
3.4 0 0
3.3 0 0
3.2 0 0
3.1 0 0
3 0 0
2.9 0 0
2.8 0 0
2.7 0 0
2.6 0 0
2.5 0 0
2.4 0 0
2.3 0 0
2.2 0 0
2.1 0 0
2 0 0
1.9 0 0
1.8 0 0
1.7 0 0
1.6 0 0
1.5 0 0
1.4 0 0
1.3 0 0
1.2 0 0
1.1 0 0
1 0 0
0.9 0 0
0.8 0 0
0.7 0 0
0.6 0 0
0.5 0 0
0.4 0 0
0.3 0 0
0.2 0 0
0.1 0 0
1.40435e-12 0 0
